00052433001
00069236210
00264785000
00469650189
00527143501
00536406301
00591292754
39328010610
50242004164
51991080990
58657017001
59088010859
59365512801
65757040103
65757040203
65757040303
65757040403
70954056010
00069034405
00069239210
00536408501
00574030216
00574030316
00115174801
63323082010
64253033335
69367031401
55111065001
59088010759
63323018500
63323082000
64011030103
68462010340
76439035890
00052060202
00093414556
00093414656
00093414856
00115174501
00115993178
00115993278
00169185275
00264446000
00264738560
00264785020
00338001304
00338001306
00338001308
00338051913
00378705535
00409140105
00409409201
00409488710
00409488720
00409488750
00517656005
00641625301
00642007630
00642009330
00642012590
00642747330
00682005110
10542001010
13668059607
13811001030
13811052501
13811053630
13925011701
23359010010
23359010030
23359010530
24208063005
35573044325
35573044425
35573044525
49281042350
55111016901
63323018510
63323020500
63323054505
63323082050
63323082074
65162055310
69097016864
69367031630
69367031730
69543037030
70748017560
71288020185
72786010101
72786010203
72786011103
72893000401
76204070025
76204080025
76204090025
00642007912
11994001116
24208063010
63402091164
65757050003
72893000601
76329332100
00178081330
00178082130
00338051914
00378705567
13668057410
43598022114
69543025810
71288010518
51754100703
68001048500
69543026790
70748025760
00407141482
00407141490
00407141491
00407294305
00409228731
00469052002
27437005601
55150044301
60505611600
63323017876
63323082003
63402051001
64661065030
69367026701
75854031530
00517301025
43598061611
58657013390
00407294302
46122008402
64253002091
00904645760
00904675859
50419032501
62011003001
70748017530
75854031230
00009062601
00023040330
00023079801
00023079815
00023455430
00023920515
00065042915
00065043133
00065045407
00065143105
00065143206
00065804812
00069237710
00093595506
00338954004
00338954008
00378969152
00407140152
00407141210
00407141220
00407141230
00407141238
00407141310
00407141361
00407141363
00407141365
00407141372
00407141387
00407141472
00407141483
00407141484
00407141486
00407141487
00407141498
00407270703
00407294301
00407294312
00407294370
00409140101
00469042001
00486111101
00487990102
00536121994
00536132594
00536137801
00536138694
00536138792
00574031216
00904662735
00904723860
00904731813
11994000320
11994001104
13811053530
24208069763
37205074797
46122055605
46122055705
49348014929
50268006815
50419032005
50419032015
50419032511
50419032512
50419032537
50419034421
51759000202
58657032750
59528061601
59528198801
62756027702
63824027464
65219028107
65219028110
65628008003
65628008005
65628008010
66993002227
69387000101
69488000140
70000009001
70000049001
70677115401
71258002200
71351001250
71351001760
00407141110
00409127632
00536106210
00536128128
00904632946
50242004110
50268030815
50419032502
51285020401
51645092199
51759000204
59088010959
60258016201
63323018520
65628007010
65628020205
71258002201
00264446010
00407141448
00469042099
00517490125
00536333401
00591379730
00904131546
11994000100
46122008365
50419018815
65628007003
65628007005
69097016887
69543026010
00004196404
00085056605
00409798309
00548590000
00591379783
00703853023
00904645780
00904646420
00904671960
17478006012
62011002301
68001026632
68001050960
00009043601
00023040350
00023040370
00026394225
00026394425
00026394625
00026394825
00052060201
00065042930
00065080050
00065143128
00065143141
00065143704
00065151006
00115993078
00185079960
00264446030
00264738550
00264785010
00338001329
00338018006
00338020206
00338021006
00338051909
00338052013
00338954006
00338954007
00378699393
00378969052
00378969252
00407069010
00407069020
00407141120
00407141233
00407141234
00407141235
00407141353
00407141359
00407141362
00407141368
00407141386
00407141388
00407141389
00407141476
00407141485
00407141489
00407141493
00407141494
00407141509
00407222219
00407222316
00407222317
00407222319
00407222321
00407222362
00407222364
00407222366
00407222367
00407270718
00407294306
00407294317
00407294322
00409127603
00409397703
00409409101
00409409301
00409488717
00409488723
00409488724
00409488799
00456430001
00469052014
00487590199
00536118497
00536138635
00641614710
00703854023
00781344071
00781344095
00904605261
00904675920
00904682076
00904683873
00944755302
00990711807
00990799009
10542000909
10542001210
10702007701
11994000120
11994000152
11994000155
11994001101
11994009001
23594020030
23594022530
23594032530
23594050050
23594055050
23594060050
23594070050
24208037705
31722004412
42192032090
43547038350
49348032944
49348094729
49483001401
50228032301
50419032503
50419032507
50419032508
50419032513
50419032515
50419032527
50419032528
50967031730
50991097730
51754010304
51801000940
59088016654
59088016954
59528031701
59528041605
59651014601
61269015501
61269015601
61269016350
61570007201
62011025401
62542020030
62542030030
62756027703
63323018507
63323020550
63402091130
64380018901
64980020612
65219008210
65219028103
65219028108
65219038302
65219038304
65219038305
65219038310
65219038350
65219053110
65219053325
65219053910
66689000901
68001033708
68001043592
68025005930
69097099807
69367023430
69543035610
69543041710
70000001202
70000045501
70756061270
71104080301
71104080401
71104080501
71104080601
71104080701
71104080801
71104080901
71104097901
71104098101
71104098201
71104098301
71104098401
73063003503
74725010064
75854031430
75854031630
76204080001
76204090001
00065009265
00074712613
00085113204
00093595556
00115052201
00115053301
00115146853
00121054410
00169413602
00228253950
00338051958
00409613822
00409713809
00409713909
00517650210
00536123801
00641614701
00904645561
00904668961
00904673870
00904678744
00904698112
00904698160
13668003305
13668003360
13668011310
13668011510
13668040910
13668040990
13668058010
13811000710
15370025030
16714006701
23594030030
23594040030
24208062902
58657016490
59088017854
61269015101
62011039701
62584089701
65219018710
66689006001
68001032105
68084025401
68682020025
69543041010
69784084001
69784084005
70000009002
70000045701
70436015158
70756061260
71104080201
75854032130
75854032230
00078067515
00093414756
00115162456
00185079930
00338954005
00409277623
00409492134
00409663734
00517176701
00536106229
00536222075
00703012501
00904642213
00904643480
00904674070
00904681552
00990792225
10572010101
13668011390
13668011590
17478025310
17478040303
46122019565
50268006770
50268063615
50419032529
61269017956
68001019600
68001033861
68001036625
68094001559
69488001761
70007030065
71225010401
00065853110
00074382613
00115051101
00115151058
00115151246
00228300350
00254202980
00406222401
00407222217
00409662502
00536360408
00548902100
00574087005
00591234101
00781320194
00781602194
00904513559
00904632951
00904658561
00904673971
11994042724
13668011530
13668011990
13668040930
13811001490
13925050501
16714009525
16714009625
17478017324
17478017424
24208062901
24385000346
43386044024
47781033201
50242004163
50419018838
50419032519
52268030201
55150030901
60505011301
60505294503
62011020301
62584089711
64253002030
65162070684
66689000950
66993002327
68001019703
68001033700
68001033963
68025004430
68462025217
69238179701
69543040930
70000008801
70000042401
70436015157
71104080101
71225010501
73063003504
75854030930
00093414845
00574022001
50967021990
51991080833
51991080890
51991090833
51991090890
51991090990
64661071130
69367028109
70954055910
70954055920
64253011130
64253011135
64253033333
69367028009
76204090011
00065143205
00178079630
00642007530
42192032130
55292020111
64980058851
72336001401
76204002602
00178089130
00642009430
10019025112
59088018354
60505038105
69543034030
51754100701
00085461001
00904671980
60505014701
00409128310
00409798302
11994012711
63323082005
71351001001
00338630402
00407141360
60258000601
00069034401
00069236201
13811002710
13925011890
39328000810
63323082001
63323082004
65219053550
71349007001
72786011102
75834005001
00121048910
00409230521
00409798437
68001048225
00069202501
00069202510
00409022001
51754990405
63323020531
67919001101
00338954002
00409080501
69367028030
00407141488
00409409211
00486113401
00574031116
13668002030
23594090101
46122009878
51754990401
62011048301
00409100701
00409795303
16714011802
51645083701
00409229031
00409798355
10542001409
46122024905
50419034610
52544093102
62856079701
64253022235
64253033323
68152010809
68599857710
00004196302
00409180001
00409795309
00781300995
59676058015
00904671950
50419032518
00069031301
63323006409
64253022223
64253022233
67457096701
00409409311
67112010100
68025001010
70000035801
00338954003
00536116401
59088069554
24385007026
00536134680
31722093747
31722093847
31722095901
42192033230
63323018508
64980015603
65219053901
70000008901
64980012950
72572074701
00407141366
00536100410
10019003003
63323029766
00407141460
70000049002
00409492120
00069239201
00378699331
00407069022
00407222323
00409397701
00409724101
00472125594
00517293025
00517490525
00904630820
00904683104
16729037817
46122007698
46122007772
46122012078
46122012085
46122072626
50268030811
50419018801
50419018883
50419018884
51645073210
51645073299
51645073306
51645093310
59651003210
62011048401
65219053501
65628005001
68094058759
70748017501
75834013960
76204080011
11994001720
24979015438
43547038550
43598020451
46122009678
51645074399
51645087513
60505070620
70000043201
00115993276
00407141250
17478040401
31722093947
45802039504
46122012178
50268052411
51645074101
62011019801
00009031508
00113032365
00121457730
00409798411
00409909411
00904589430
00904684673
10019061103
13668011930
17478017130
17478051500
17478070102
24208069760
24208069762
45802023068
45802023089
45802072153
46287050816
50383058405
50383078530
59365606500
62011012201
62011018301
62011023301
62011024701
63323025410
63323027025
63868059357
70000038501
70573009901
13811058030
51991061690
51991081390
51991091390
59088052554
76204070001
13668001830
51645076099
67457088605
75854030630
00407141308
00409125301
00409228831
00409379549
00682300101
60505607604
00065401303
00407141403
00407141451
00409767009
00456074413
00456074513
00456074613
00487278401
00517107125
00536466110
00536466138
00536478701
00536730001
00574030416
00703722104
00713010225
00904020161
00904053060
00904053061
00904053080
00904053160
00904053961
00904188260
00904213761
00904323392
00904418160
00904429909
00904531346
00904531360
00904549213
00904549261
00904549280
00904571135
00904573451
00904773518
00904775127
00904791580
24208092064
49502020701
50268010315
50458025501
51079053820
51645073110
51645074110
51645078510
55566830200
58468009001
58468009003
58468012601
60505609400
62584074801
63402091101
63739049910
63824071016
00409228721
00456315467
00536012285
00904262170
00904501360
00904565761
00904585652
00904586061
11980002205
58657016390
60258016101
60258019309
60258019701
63323028637
68084060501
00087040501
00087123941
00536404610
00904020261
00904052260
00904188380
00904323352
00904585692
00904645204
00904647061
46122011978
50383062750
59676096001
60505609305
63739068410
68094071662
00087510069
00087510480
00132000655
00536718706
00904404360
00904605161
00904646961
42494043230
50268006750
50383091750
60258019001
63739050010
65628005004
68084087001
70000001201
00517300525
13668016930
13668017130
65219008806
00409409111
13668003105
50419034410
65219038103
68094001562
00172541211
60505132901
00407069015
43547026650
68001019500
00407222221
00409228761
00642020790
16729047731
50268085715
51645074301
61269032610
62011033701
65162066810
00407141348
16714053211
51645070801
51991008290
51991064501
59528445601
67457022005
69543025910
00536134780
10542001109
10542002509
50383027201
68001000603
68001000703
68001011703
68001012900
68001032103
68001032203
68001032205
70000018001
00904582493
62011027301
63739051910
00053768033
00065895001
00169185189
00409230662
00409798325
00409798413
00536322408
00536342408
00536342608
00536344238
00536344308
00536344508
00536352141
00536354701
00536354710
00536355601
00536379001
00536384401
00536408601
00536430401
00536509008
00574007116
00591521505
00904026252
00904027460
00904051860
00904052660
00904053046
00904053670
00904053980
00904188352
00904262160
00904264113
00904264146
00904264172
00904320713
00904323252
00904323261
00904323292
00904421713
00904533260
00904548652
00904548689
00904560413
00904582489
00904598660
00904603652
00904633961
00904671318
00904759082
00904773552
24208046530
24385009647
37205006372
37205035178
37205037278
37205039272
37205061273
46122009272
49348001310
49348057141
49348087410
49502020301
51645074001
51645074099
51645074201
63739016610
63739043201
63739043210
68084079425
68094058859
00065804083
00264410095
00536100441
00536188116
00536354601
00536355101
00536408610
00536444554
00904027472
00904053660
00904319760
00904527260
00904564360
00904582461
00904770418
49348057041
60258019201
00093768432
00536354201
00536999512
00904027260
00904053913
00904198260
00904198359
10019021301
37205007678
51645092010
00132075160
00172443160
00172541146
00409798361
00536100862
00536108494
00536118583
00536187516
00904520065
00904571130
00904770470
46122008787
49348016162
49348016510
49348026443
49348094323
60505011308
63739006010
70000050101
00065080094
00407141612
00603465532
42192034130
65219008620
68025004960
75854030830
75854031330
69543025850
00409662925
00904708661
24385098526
63323018550
00409106720
00006430900
00904198861
00407222216
00591570801
00904198261
62584074601
63323049202
63739044310
63739053210
00409191833
68084010001
72912052530
00574017810
00603233821
00407141444
00407141445
50419032514
00904665760
00178089630
00407069042
00409176230
00409707426
00409707526
00409790209
00527323637
63323049205
99999930299
00409080511
00409230502
00409795302
00603082358
63323020521
66302015050
70121157201
00054010222
00054028813
00054028913
00093001298
00093003901
00093013201
00093014701
00093014801
00093014901
00093015010
00093023356
00093046301
00093053701
00093067005
00093081901
00093083301
00093083310
00093083401
00093084015
00093084030
00093084092
00093089201
00093104810
00093292901
00093316753
00093317101
00093415073
00093423301
00093423401
00093434656
00093510556
00093511798
00093511898
00093511998
00093516101
00093527501
00093527601
00093527701
00093541595
00093576856
00093577056
00093577156
00093585001
00093585101
00093585201
00093611816
00093613832
00093710212
00093714618
00093714656
00093715498
00093715598
00093715806
00093716798
00093716898
00093716933
00093720656
00093720756
00093720856
00093721410
00093724706
00093724806
00093725601
00093726710
00093736498
00093736698
00093737201
00093738201
00093742456
00093742556
00093742598
00093742656
00093742698
00093744001
00093754356
00093754456
00093767101
00093816101
00093894001
00093894301
00115123313
00115132801
00115132901
00115133001
00115133101
00115133201
00115133301
00121065516
00121072716
00172435770
00172435860
00172436560
00172531260
00185002501
00185008401
00185010101
00185010110
00185010201
00185010210
00185010401
00185010410
00185011101
00185014001
00185040101
00185540001
00185540010
00228287811
00228287911
00228298311
00228300450
00228300550
00245005711
00245005811
00245005890
00378180001
00378180301
00378180501
00378180701
00378180901
00378181101
00378181301
00378181501
00378181701
00378181901
00378182301
00378615077
00378967158
00406035705
00406035805
00406036501
00406036505
00406036601
00406036701
00406036705
00409104130
00472127016
00472140016
00536077085
00555034458
00555071558
00555083402
00555086902
00555087402
00555092602
00555095502
00555095602
00555100916
00555101016
00574041202
00574041205
00574041207
00591034905
00591038501
00591038505
00591042616
00591067601
00591074901
00591074905
00591078001
00591082501
00591093201
00591093301
00591252205
00591260501
00591260901
00591260905
00591261205
00591271501
00591271601
00591271701
00591271801
00591312001
00591319872
00591320201
00591321272
00591321372
00591322379
00591363560
00591544005
00591561901
00591561905
00591561910
00591562001
00591562005
00591562010
00591588201
00603082394
00603100858
00603137858
00603138458
00603139364
00603148149
00603148158
00603153458
00603158454
00603158458
00603184158
00603211033
00603212721
00603212821
00603212928
00603233832
00603254432
00603258228
00603258232
00603294832
00603294932
00603295721
00603295728
00603295730
00603295732
00603295830
00603295832
00603295921
00603307821
00603307928
00603307932
00603373932
00603374032
00603385521
00603389919
00603390121
00603396821
00603421032
00603421132
00603421232
00603448521
00603448621
00603465402
00603465502
00603465516
00603497520
00603499121
00603499128
00603499221
00603499228
00603499821
00603499828
00603543721
00603543821
00603568320
00603568420
00603568520
00603616032
00603616132
00603760748
00603760817
00603760917
00603763417
00603766317
00603786274
00603917154
00603941858
00603942445
00781112301
00781112305
00781149668
00781223231
00781223331
00781285505
00781285560
00781540405
00781540605
00781540805
00781565615
00832102409
00832108000
00832108100
00832108200
13925050104
16252060144
16714034203
16729014800
16729015000
23155012401
24208056162
31722022801
31722028310
40085021560
43199001615
43598020351
43598020751
43598020752
43598021901
45802059475
46287050716
47335058081
49884072501
50111046703
50111046803
50111046903
50111056302
50383005116
50383028205
50383072016
50383079616
51079010363
51079010763
51079013163
51079030066
52544026829
52544055228
52544063028
52544063128
52544084728
52544094028
52544094928
52544095021
52544095121
52544095328
52544095428
52544096728
52544098231
53746017801
53746017810
53746017901
53746025301
53746025305
57664014134
59762018102
59762105005
59762153001
59762153002
59762154001
59762491001
59762491005
60505026002
60505258100
61314001505
61314001510
62037052401
62037083001
62037083101
62037083201
62175015137
62175015237
62175015337
62175015437
62175044215
62175044231
64376043815
64376064016
64376064301
64376064801
64376064901
64679073402
64679073602
65162051710
65162052010
65162061750
65162066490
65162066850
67253090050
67253090150
67253090211
67253090310
68180012301
68180012401
68180012402
68180031201
68382001601
68382001701
68382002805
68382002810
68382003010
68382015406
68382031401
68382031501
68382060001
68382076506
68382079401
68382079601
68462024801
68462024805
68462036001
68462036101
68462036105
68462036201
68645047354
76439010250
76439010450
76439030910
00407222306
70000001701
64679075701
69097016848
00703040402
00409335601
00944755102
00990798325
50419032509
50268022015
50268067815
70677115301
13107015505
13811002810
61269015201
13668011905
17478010505
61269015301
70000045502
00407141495
00990798406
00228275250
00228275311
00206885416
00206885516
00409118701
00409189010
00409216802
00904726006
50268081015
50419034405
56151014260
56151014401
56151014701
56151034101
56151060101
56151060150
56151146001
56151146004
56151146101
56151146104
56151173201
56151173301
56151211101
56151211201
56151211301
56151211401
71351001312
00409125601
00703856023
00703868023
42494043003
00078067615
00093672373
00178089430
00185079901
00264999910
00310075190
00378699052
00409100811
00409103850
00409125830
00409151302
00409409309
00682005130
00703301812
00904684470
00904698072
10019090503
13668028160
13668031130
13668032430
42799012301
49884072308
50268006730
50967041030
51645091001
55111047905
55111070004
55111070016
58406043501
58468012201
60505611101
62332059805
69543022430
69543038630
70000039601
70000045702
83035121509
00006306104
00065027510
00065143118
00178085890
00409112012
00409792203
00409798420
00536515026
00703443211
00904674172
00904681652
00904683973
13668009605
13668012030
50268034515
52796017390
61703032722
63459060010
68001032104
00004196401
00074621513
00409229003
00409379561
00574018101
00703476601
00781922291
13668014030
13668031330
50268041330
50383026745
51862004205
59746041519
61314030401
69097053431
69543022330
70677007001
00087123901
00087510003
00087511564
00087512208
00093015001
00093733606
00096072516
00115146845
00407069030
00591293201
00591379760
00703450281
00703577801
00904131309
00904517416
13533070001
13668028060
23155056905
24979015414
37205053540
42192032330
43386014028
49348058159
51293080101
51293080201
58406043504
60505363803
60505367303
60505367403
61748002416
63704002001
64679075802
65162084306
65162084416
65219008601
68001019700
68001032204
99999099211
00065150782
00409488725
00904682960
70000036401
00486111105
25021030102
69367031530
16714009425
00245053637
00603781878
16714009430
00904642286
23594042530
59088019354
63323018505
71104081001
00245053660
71104097801
66993002127
00228300311
00904621740
59088018654
00703702301
64980016401
59528081001
72606056901
00409228821
00002327033
00002411533
00004196501
00006095228
00008002707
00008058115
00009011319
00009019016
00052010590
00052045015
00054865724
00054872525
00054872625
00065902370
00069020701
00069454501
00074115902
00074116202
00074120301
00074121201
00074125831
00074148202
00074176231
00074228505
00074318201
00074321032
00074376960
00074427902
00074488710
00074610204
00074621511
00074653301
00074662902
00074707426
00074751716
00074781124
00074795309
00074798302
00074798303
00074798309
00074798413
00121068705
00168032608
00172572810
00186011001
00186027713
00186086369
00206845525
00245005801
00245012250
00310027139
00406036662
00406036762
00407069005
00407069017
00407141330
00409115170
00409115212
00517260225
00517302025
00517493025
00574007216
00591552301
00603242621
00641049125
00641118035
00641244045
00904236460
00904328060
10019002802
10019016312
10019045002
12496130602
16252054766
49502068533
49502069733
49502083003
50419032001
50474059240
51079009020
51079028220
51079060020
51079060420
51079073120
51079087120
51079096720
51660093831
52268080005
60505706303
61570058110
63323073902
63481062375
63739011201
63739038410
00002010102
00069551066
00074114401
00074120703
00074317801
00074427701
00074762003
00074765062
00074909332
00085026381
00085045803
00168015038
00173044202
00281020545
00310013139
00597002901
00641040025
10019001301
10019001303
10019066001
51079059620
51079097120
63739025501
00008081202
00054839424
00054880524
00071080340
00074116301
00078001715
00173073001
00186103012
00186103312
00310027539
00409904502
00641049121
00703704101
10019001302
50419011511
51079038619
51079060120
51079097220
63323013010
70573009902
00015733999
00074024001
65219038110
61570007401
70211070208
70211070304
70211070316
70211070508
61570007301
70211070233
72572074710
00065805202
00093065801
00168007038
00173068221
00186119941
00409021811
00409228703
00409792202
00409792313
00409794109
00409797205
00409798503
00536129330
00536322201
00591014926
00904053001
00904518640
00904607961
00904610561
24208069864
24208074059
51645073706
51645087510
51645091901
51645092101
55111023401
62584074611
63739034910
63739053110
63824000820
67457022000
69543038625
99999163999
00054350015
00409433249
00409475561
00409613803
00409677815
14789001110
37205061465
46122009575
49502067230
63739052301
00186103301
00409475501
00409724110
00904582805
00904880467
13668016030
24208039182
46122012271
59011044110
62584074711
63323025402
63739067210
64679075801
99999119705
99999283019
99999990437
00004196301
00186023003
00409678002
00409724161
00409792209
00409792337
00574042025
24208046570
27808008605
48102000335
50419018802
59088017554
60258000615
60432046415
66689005601
68084041301
68308040547
99999123411
00536138793
00904421360
62037086620
00904198516
65219038370
