00069034405
00069246510
00264785000
00469650189
00527143501
00536408501
00574030216
00574030316
00591292754
13811052501
39328010610
50242004164
58657017001
59365512801
63323082074
65757040103
65757040203
65757040303
65757040403
70954055920
70954056010
76439035890
00536406301
50228032301
64661065030
00052433001
13925011701
59088010859
00052060202
00093414856
00115993178
00115993278
00338001304
00338001306
00338001308
00409409201
00409488710
00517656005
00641625301
00642007630
00642007912
00642009330
00642012590
00642747330
10542001010
13811001030
23359010030
23359010530
24208062902
35573044425
35573044525
51754010304
55111065001
63323018510
63323082010
65162055310
69367031730
70748017560
70756061260
71288020185
71349007001
72893000401
76204002602
76204070025
76204080025
76204090025
76329332100
00378705535
00409488720
24208063005
62332059805
63323020500
65219053550
69367031530
72786010101
72786010203
72786011103
82260063005
00591234101
13811053630
35573044325
60505611600
69367031630
69543037030
00115174501
00169185275
00409140105
11994001116
13668059607
23359010010
49281042350
63323054505
63323082050
69097016864
00407141220
00407141368
00407141491
00407141498
00407222323
00407294305
00469052002
27437005601
46122009878
55150044301
63323082003
63402051001
67457099405
68001048500
69367026701
69932000201
71104098301
71104098401
75854030930
75854031530
00407141490
00407294302
46122008402
00407141363
62011003001
00006434702
00009062601
00023040330
00023079801
00023079815
00023920515
00065042915
00065042930
00065043133
00065045407
00065143105
00065150782
00069034401
00093414656
00338954004
00338954008
00407140152
00407141230
00407141310
00407141361
00407141365
00407141366
00407141372
00407141387
00407141472
00407141484
00407294301
00409127632
00409488750
00536138635
00536138694
00536138792
00536141401
00536141501
00574031216
00904662735
00904723860
00904731813
11994000320
46122055705
50268006815
50268030815
50419032005
50419032511
50419032512
51759000202
58657013390
59365512901
59528198801
62756027702
63323082000
63323082005
65219028107
65219028110
65628007003
65628007005
65628007010
65628008003
65628008005
65628008010
65757050003
70000049001
70677115301
70677115401
71258002200
71351001250
82576008030
82576010030
00023455430
00065143206
00069237710
00093595506
00264446000
00338051914
00407141362
00407141386
00407141486
00407141487
00407222317
00407294312
00409397703
00904726006
51645071201
58657032750
65219028102
65219053110
65219053325
69387000101
69488000140
70000049002
70748017530
00069239210
00407141359
00548590000
37205074797
46122012078
50419032015
69367031401
70677116001
00065804812
00069236210
00407141483
00536121994
11994001104
13811053530
49348014929
50242004110
50419032502
50419032537
00023040350
00023040370
00026394425
00026394625
00026394825
00065143128
00065143141
00065143205
00065143704
00065151006
00113810101
00113810103
00115993078
00264446010
00264738550
00264738560
00264785010
00264785020
00338001329
00338018006
00338020206
00338020604
00338021006
00338051913
00338954006
00338954007
00378699393
00378969052
00378969152
00378969252
00407141110
00407141210
00407141233
00407141234
00407141235
00407141353
00407141476
00407141482
00407141485
00407141489
00407141493
00407141494
00407222219
00407222316
00407222319
00407222364
00407222366
00407270703
00409140101
00409409101
00409409301
00409488717
00409488799
00486111101
00486113401
00487590199
00517650210
00536132594
00536140894
00641614710
00703854023
00781344095
00904682076
00904683873
00944755102
00944755302
00990711807
00990799009
10122031002
10702007701
11994000100
11994000120
11994000155
11994001101
16729047731
23594022530
23594032530
23594042530
23594052530
23594070050
23594080550
24208037705
25357002503
31722004412
36000036401
42192032090
42799012301
50268006615
50268067815
50419032501
50419032503
50419032507
50419032513
50419032514
50419032519
50419032528
50967031730
50991097730
51285020401
51754100703
58657016390
58657016490
59088010759
59088010959
59528041605
59651014601
61269015501
61269015601
61269016350
61570007201
61570007301
62542020030
62542030030
62542040030
62756027703
63323017876
63323018507
63323020550
64380018901
64980020612
65219008601
65219028103
65219028108
65219028910
65219038305
65219038310
65219038350
65219053910
68025005930
69097016887
69097099807
69543041710
70000001202
70000045501
70069050625
70677119001
70710122101
70756061270
71104080101
71104080201
71104080401
71104080501
71104080701
71104080801
71104097801
71104097901
71104098101
71104098201
71258002201
71288010518
72819023416
72888017246
74725010064
75826016910
75826017010
75826017110
75854031430
75854031828
75854032030
76204080001
76204090001
82576006030
82950000124
83034000360
83592081504
00009043601
00065009265
00065080050
00093414756
00093595556
00115146853
00338051909
00338052013
00407141120
00407141509
00407222321
00407222362
00407222367
00407270718
00409488724
00469042001
00517302025
00536138793
00904632946
00904678744
10542000909
11994000152
16714006701
24208063010
43547038350
43598061611
46122075656
49348094729
49483001401
50419032508
50419032527
51801000940
59088066016
59528031701
62011025401
63323018520
66689000901
68001043592
69367023430
69488001761
69543035610
70000001701
70677116201
71104080601
72786011102
74725010025
75854031230
83035121509
00052060201
00121054410
00407069010
00407069020
00407141238
00407141389
00407141448
00407141488
00409488723
00781344071
00904605261
00904675859
00904675920
11994009001
59088016654
59088016954
62332059810
62584089701
65219038304
65219038306
69543026010
83035620209
00093414556
00264446030
00536118497
00904646420
23594055050
24385000346
71104080301
71104080901
73063003503
76204070001
00093414845
13811000710
51991080833
51991080890
51991080990
51991090833
63323082001
70436021180
70954055910
64661071130
11994001720
50967021990
51991090890
00178079630
00338954005
00536140317
00536140417
00642007530
13811001490
39328010710
42192032130
50268006730
51754990405
59088017054
59088020131
64980058851
72336001401
81279010605
00178082130
55292020111
59088017854
00527323637
63402091164
69367025130
71351001001
00409128310
00338630402
00338630403
00407141360
00409798302
11994012711
00121048910
00264400055
00407294370
00641614701
13811002710
39328000810
39328001416
63323020531
63323082004
65219053101
00409662502
13925011890
65219053301
00069236201
00407294317
00407294322
00409228731
13668011310
13668011510
24208062901
00409409211
23594090101
46122055605
51754100701
59088069554
64764014005
00143989105
00409798309
00591379783
46122024905
00409795303
00409795309
00574031116
51754990401
00085134101
13668011590
69784084001
42494043230
42494043330
00407141612
67457022005
00407294306
50419032515
50419032518
65219053501
76204090011
00338051958
00409080501
00409798423
00703012501
00053768033
00069031301
00069031401
00026394225
00338019404
00409409111
59088016754
59088017154
59088048058
65219053901
68025001010
70000035801
70000045701
70000050101
70069050601
72603020830
59088019354
67112010100
59088015854
00409409311
00407141388
00536137801
31722093747
31722093847
31722095901
42192033230
64980012950
64980015603
00536134680
24208007053
65219008620
72572074701
63323018508
65219008415
66302015050
59923072010
70756061212
69097016848
61570007401
00185044801
00378699331
00409397701
00904645760
00904683104
70748017501
76204080011
00409798361
15370025030
51645076099
51645092199
51991081390
51991090990
51991091390
59088052554
68025004430
71349007006
75854031630
83035121609
00004196302
51991061690
13811058030
00052000001
00065401303
00093065801
00407141403
00407141408
00407141451
00407141460
00409100701
00409230521
00409488725
00409713909
00456074513
00517107125
00517490525
00536012285
00536133559
00536466110
00536478701
00536730001
00574030416
00574082105
00703722104
00904053060
00904053061
00904053160
00904053961
00904188260
00904418160
00904429909
00904531346
00904531360
00904549261
00904549280
00904573451
00904625161
00904773518
00904775127
46122007772
46122012085
46287050816
49502020701
50268006530
50419032001
50419032529
50458025501
51079053820
51645073110
51645073210
51645074110
51645078510
58468009001
58468009003
60505609400
65219038110
70000001201
00006046106
00069237701
00407141308
00409106720
00409228723
00409767009
00456074613
00517490125
00832058525
00904791580
24208092064
50419032572
63739049910
65219008201
65628005001
65628005004
70436012482
00006417588
00065080094
00069239201
00409229031
00456074413
00456315467
00904571135
00904623761
00990792225
11994001701
51645074201
55566830200
63323028637
63824071016
68084097601
00407222217
00409575701
00409767003
00536333401
00641606801
00703285801
00904053080
00904213761
00904658561
68084060501
70000009001
70756061244
50419032509
55566750102
65219008806
69784084005
00517656001
00517300525
65219028105
13668002030
50419034410
00904671980
00113032365
00132000655
00409228831
00536140117
00536140517
00536718701
00642020790
00904645780
10542001109
28595071530
42494044805
46122008365
49348032944
49348054410
50268085715
51991064501
62011033701
65162066810
83035122009
83035171005
83035911208
00407222221
51645074301
59088065931
68001019603
68001019703
00603148158
37205031440
46122012271
51991008290
00591379730
00904131546
46122019565
49348010510
50268030811
61269032610
00338954002
00904682960
50419034610
50419034615
50419034810
62011048401
72603020860
00169185189
00409230662
00409798413
00536106229
00536116401
00536342408
00536344238
00536344308
00536344508
00536352141
00536354601
00536354701
00536354710
00536379001
00536404610
00536430401
00536509008
00574007216
00904026252
00904027472
00904051860
00904052260
00904053046
00904188352
00904262160
00904262170
00904264113
00904264146
00904264172
00904323252
00904323261
00904323292
00904323352
00904323392
00904404360
00904501360
00904533260
00904548652
00904548689
00904549213
00904560413
00904582489
00904582493
00904585652
00904585692
00904598660
00904643480
00904671318
00904671960
00904759082
00904773552
10542001210
10542002509
24208046530
24385009647
37205006372
37205007678
37205035178
37205037278
37205039272
46122009272
46122011978
49348001310
49348057141
51645070801
51645073099
51645074001
51645074010
51645074099
51645074101
51645091001
63739043201
63739043210
68084079425
68094058859
00169185459
00409798325
00536718706
00574007116
00904053670
51645073306
63739016610
66993002327
00065804083
00536322408
00536355101
00536355601
00904027260
00904027460
00904053980
00904113213
00904188380
00904198861
00904320713
00904421713
00904633961
00904770418
13668040930
00603465532
10542001409
13668001830
68025004960
42192034130
68084023401
68001033708
75834005001
75854030830
00024139003
00121068705
64011030103
68094058759
00002120050
00407069015
00409712007
00904198261
63739044310
66689000950
70436015158
00407141444
00574017810
00178089630
00407069042
00407222216
39328001816
70436012782
72989040930
31722093947
99999930299
00517301025
65219038302
63402091130
00487278401
00009031508
50268012615
13811002810
00682005110
62011048301
70121157201
71288040702
69543025850
50419034405
62332060101
00078067615
00085056605
00093672373
00173056900
00178089130
00228253950
00264400155
00264999910
00409100811
00409151302
00409216802
00409228761
00409379561
00409409309
00409724101
00487990102
00536109994
00536750001
00682005130
00990798325
13668011390
13668014030
13668016730
13668016930
13668017130
13668028160
13668031330
13668032430
13668040910
42367012129
50228032305
50242004163
50268009913
55111047905
55111070004
55111070016
58406043501
58468012601
59528445601
62856079701
68180016916
68682020025
69543038630
70000039601
70000061501
71351001012
72603024601
75854030630
81279010601
82260063010
00052027401
00115421101
00178085890
00178089430
00378705567
00409335601
00409707526
00409798420
00548902100
00591014926
00603333921
00781602194
00904674070
00904698112
10122090112
13668011530
13668058010
50967041030
60505611101
69543034030
70000042401
75854031330
00074228754
00185080130
00536123801
00904673870
00904684470
13668003105
13668014005
52544093102
52796017390
69543022430
70000045702
72786010202
00178081330
00185079901
00409125830
00469052014
00574087205
00703285809
00703301812
00904632951
00904681552
00904698072
10019090503
10572010101
13668003305
24979015438
43547026650
49884072308
62011020301
62584089711
68001026632
68001048225
70000009002
00338954003
00338978201
00407141369
00486111105
63323018550
70000036401
65219008401
71349007012
00409409310
00781300995
25021030102
65219028115
23594060550
63323018505
00093733606
65219053750
59088018654
60505294503
71104081001
62175044215
62175044231
39328001516
59528061601
64980016401
00703702301
51991090933
00409228821
00004196401
00004196501
00006430900
00008058115
00069020701
00074125831
00074176231
00074317801
00074318201
00074427902
00074610204
00074653301
00074707426
00074781124
00074795309
00074798302
00074798303
00074798309
00186011001
00186027713
00186086369
00206845525
00407069022
00407141330
00409115212
00409180001
00409230502
00641049125
00641118035
00641244045
10019002802
10019016312
10019045002
49502068533
50268052411
72572074710
00002010102
00009019016
00069454501
00409228721
00517493025
12496130602
00074233211
00186086361
16252054766
63323073902
00002327033
00008002707
00052045015
00054865724
00054872625
00069454701
00071080340
00074116202
00074228505
00074382611
00074488710
00074751716
00074765062
00074798413
00172572810
00245005801
00310027139
00406036662
00406036762
00409115170
00517260225
00603242621
00904236460
00904328060
49502069733
51079009020
51079028220
51079060020
51079060420
51079073120
51079096720
51660093831
52268080005
58468009002
61570058110
63481062375
63739038410
49502020725
54859051608
70211070208
70211070304
70211070316
70211070508
00536093586
00574030716
13668057410
00004196301
00299391756
00409104130
00409475501
00409492120
00409492134
00409613803
00409713809
00409794109
00536129330
00591379760
00904053001
00904582805
24208069763
46122009575
49348033334
49502067230
50419018802
50419018884
51645092101
64980014698
67457022000
71351001312
99999163908
00093414719
00904610561
71351001399
00409228703
00409662925
00409797205
63824000820
99999163999
00065805202
00173068221
00409021811
00409798437
00536322201
00603139364
24208069790
24208069864
27808008605
63323006420
63739034910
63824027464
67919001101
69543038625
00536134780
00904421360
44206041812
65219038370
